AC01 1232, 6754, 6753
AC03 514, 48742, 2474
AC04 3761
AC05 2285, 6076
AC06 8487, 8488
AC07 871
AC08 431, 3289, 432 
AC09 694
AC14 4127
AC15 1313, 7089, 7081
AC16 7336
AC17 2175, 10981, 238663
AC18 969, 970, 5597, 210763, 5599, 5600, 376633, 5602, 5603, 1983
AC19 481, 3568, 3569, 3571
AC20 364, 365, 1096, 551, 2992, 3010
AC22 1661
AC23 1642
AC24 1929, 376657, 9664
AC26 1997
AC27 1112, 2301, 6256, 6262
AC28 1265
AC30 2114, 10582, 10591, 10579, 10581, 1929, 376657, 9664
AC32 2114, 10582, 10591, 10579, 10581
AC33 936, 938, 5369, 5374, 5382, 939, 5387, 5408, 942, 5429
AC34 3867, 553, 554, 555, 2220, 556
AC35 3844, 547, 3848, 3877, 3878, 3881, 3861
AC36 3861, 549, 3848
AC37 550, 548
AC40 5794
AC41 1839, 83541, 11291, 9168
AC42 3384
AC44 1971
AC45 1379
AC46 9825, 9878, 9856, 1965
AC47 618, 621, 4178, 4177, 4183
AC48 618, 621, 4178, 4177, 4183
AC49 618, 621, 4178, 4177, 4183
AC50 821, 820, 5035, 819, 5012, 5030, 513
AC51 5030
AC52 5012
AC53 819
AC54 820
AC55 708, 4618, 513
AC56 817
AC57 815
AC63 1232, 6754, 6753
AC64 7336
AC65 481, 3568, 3569, 3571
AC66 2114, 10582, 10591, 10579, 10581
AC67 3861, 549, 3848
AC68 1929, 376657, 9664
AC69 2114, 10582, 10591, 10579, 10581, 1929, 376657, 9664
AC70 3867, 553, 554, 555, 2220, 556
AC71 784
AC74 3761
AC81 8295, 8296
AC88 1191
AC92 48747, 1982, 1983, 1988, 1990, 9970
AC96 10591
AC100 7389
LG01 2479
LG02 10554, 10558
LG03 1311, 1666, 2146, 10802, 400003, 17507, 10808, 10809, 10810, 238002, 238003
LG04 1668, 1665
LG05 7209
LG06 7431, 2519, 76733, 7432, 7434, 7435, 7437
LG07 1721
LG08 1150, 17647, 16375, 17177, 10830
LG09 2153, 11382, 10825, 10834, 11426, 10835, 10836
LG11 7647, 7650, 7651, 7652, 7653, 7654, 7655, 7656, 7657, 7658, 7659, 1428, 7660, 7661, 7662, 7663, 7664 
LG13 8078, 8079
LG14 2105
LG15 2479, 10554, 10558, 1311, 1666, 2146, 10802, 400003, 17507, 10808, 10809, 10810, 238002, 238003, 1668, 1665, 7209, 7431, 2519, 76733, 7432, 7434, 7435, 7437, 1721, 2153, 11382, 10825, 10834, 11426, 10835, 10836, 7647, 7650, 7651, 7652, 7653, 7654, 7655, 7656, 7657, 7658, 7659, 1428, 7660, 7661, 7662, 7663, 7664, 8078, 8079, 2105
LG16 2479, 10554, 10558, 1311, 1666, 2146, 10802, 400003, 17507, 10808, 10809, 10810, 238002, 238003, 1668, 1665, 7209, 7431, 2519, 76733, 7432, 7434, 7435, 7437, 1721, 2153, 11382, 10825, 10834, 11426, 10835, 10836, 7647, 7650, 7651, 7652, 7653, 7654, 7655, 7656, 7657, 7658, 7659, 1428, 7660, 7661, 7662, 7663, 7664, 8078, 8079, 2105
LG20 1311, 1666, 2146, 10802, 400003, 17507, 10808, 10809, 10810, 238002, 238003
LG21 1721
PG01 1362